image_width: 640
image_height: 480
camera_name: left
camera_matrix:
  rows: 3
  cols: 3
  data: [524.202553, 0.000000, 320.037708, 0.000000, 523.425660, 259.367209, 0.000000, 0.000000, 1.000000]
distortion_model: plumb_bob
distortion_coefficients:
  rows: 1
  cols: 5
  data: [-0.462304, 0.203347, -0.008240, -0.000126, 0.000000]
rectification_matrix:
  rows: 3
  cols: 3
  data: [0.999996, 0.000256, 0.002969, -0.000247, 0.999995, -0.003218, -0.002970, 0.003218, 0.999990]
projection_matrix:
  rows: 3
  cols: 4
  data: [499.252787, 0.000000, 316.978924, 0.000000, 0.000000, 499.252787, 258.788591, 0.000000, 0.000000, 0.000000, 1.000000, 0.000000]
