image_width: 640
image_height: 480
camera_name: right
camera_matrix:
  rows: 3
  cols: 3
  data: [519.229037, 0.000000, 322.478771, 0.000000, 519.521445, 270.920814, 0.000000, 0.000000, 1.000000]
distortion_model: plumb_bob
distortion_coefficients:
  rows: 1
  cols: 5
  data: [-0.422601, 0.167451, -0.006432, 0.002126, 0.000000]
rectification_matrix:
  rows: 3
  cols: 3
  data: [0.999810, 0.011215, 0.015943, -0.011267, 0.999932, 0.003128, -0.015907, -0.003307, 0.999868]
projection_matrix:
  rows: 3
  cols: 4
  data: [499.252787, 0.000000, 316.978924, -59.639633, 0.000000, 499.252787, 258.788591, 0.000000, 0.000000, 0.000000, 1.000000, 0.000000]
